0	|	 0.000000	 0.000000	 0.000000	 0.000000	 0.000000	 0.000000	 0.000000	
1	|	 0.100000	 0.299000	 0.494010	 0.685130	 0.065576	 0.644316	 2.055373	
2	|	 0.134427	 0.457760	 0.792866	 1.115929	 0.079071	 1.027494	 3.899821	
3	|	 0.136504	 0.532054	 0.962782	 1.377710	 0.069109	 1.243807	 5.564027	
4	|	 0.124919	 0.556623	 1.047822	 1.527421	 0.051288	 1.354306	 7.071466	
5	|	 0.109702	 0.552918	 1.077404	 1.603175	 0.033572	 1.398478	 8.440681	
6	|	 0.095834	 0.534029	 1.071225	 1.630533	 0.019563	 1.401811	 9.686756	
7	|	 0.085436	 0.507818	 1.042497	 1.626667	 0.010467	 1.380701	 10.822304	
8	|	 0.079075	 0.478895	 1.000089	 1.603123	 0.006247	 1.345651	 11.858097	
9	|	 0.076534	 0.449874	 0.949951	 1.567657	 0.006292	 1.303335	 12.803510	
10	|	 0.077247	 0.422154	 0.896053	 1.525469	 0.009784	 1.257951	 13.666809	
11	|	 0.080545	 0.396409	 0.841031	 1.480024	 0.015895	 1.212094	 14.455363	
12	|	 0.085779	 0.372892	 0.786604	 1.433612	 0.023875	 1.167326	 15.175790	
13	|	 0.092374	 0.351618	 0.733872	 1.387722	 0.033095	 1.124550	 15.834063	
14	|	 0.099854	 0.332479	 0.683509	 1.343296	 0.043045	 1.084240	 16.435596	
15	|	 0.107837	 0.315306	 0.635897	 1.300909	 0.053331	 1.046611	 16.985313	
16	|	 0.116029	 0.299913	 0.591225	 1.260881	 0.063656	 1.011707	 17.487696	
17	|	 0.124211	 0.286110	 0.549547	 1.223365	 0.073803	 0.979474	 17.946829	
18	|	 0.132222	 0.273722	 0.510828	 1.188400	 0.083621	 0.949800	 18.366440	
19	|	 0.139953	 0.262589	 0.474978	 1.155948	 0.093007	 0.922542	 18.749935	
20	|	 0.147331	 0.252568	 0.441871	 1.125928	 0.101900	 0.897542	 19.100422	
21	|	 0.154309	 0.243532	 0.411358	 1.098225	 0.110265	 0.874637	 19.420744	
22	|	 0.160866	 0.235373	 0.383282	 1.072711	 0.118089	 0.853667	 19.713495	
23	|	 0.166993	 0.227993	 0.357482	 1.049249	 0.125374	 0.834481	 19.981049	
24	|	 0.172694	 0.221310	 0.333797	 1.027699	 0.132132	 0.816932	 20.225573	
25	|	 0.177981	 0.215249	 0.312073	 1.007926	 0.138385	 0.800886	 20.449047	
26	|	 0.182870	 0.209747	 0.292160	 0.989797	 0.144156	 0.786216	 20.653286	
27	|	 0.187381	 0.204747	 0.273918	 0.973184	 0.149473	 0.772806	 20.839943	
28	|	 0.191536	 0.200199	 0.257214	 0.957970	 0.154364	 0.760550	 21.010532	
29	|	 0.195357	 0.196059	 0.241923	 0.944041	 0.158857	 0.749348	 21.166437	
30	|	 0.198867	 0.192289	 0.227930	 0.931293	 0.162981	 0.739110	 21.308920	
31	|	 0.202088	 0.188853	 0.215128	 0.919630	 0.166763	 0.729753	 21.439137	
32	|	 0.205042	 0.185721	 0.203418	 0.908960	 0.170230	 0.721202	 21.558144	
33	|	 0.207749	 0.182864	 0.192709	 0.899202	 0.173405	 0.713388	 21.666906	
34	|	 0.210228	 0.180258	 0.182916	 0.890278	 0.176312	 0.706246	 21.766306	
35	|	 0.212498	 0.177879	 0.173961	 0.882119	 0.178973	 0.699720	 21.857147	
36	|	 0.214576	 0.175707	 0.165775	 0.874658	 0.181408	 0.693755	 21.940168	
37	|	 0.216477	 0.173725	 0.158290	 0.867838	 0.183636	 0.688305	 22.016043	
38	|	 0.218216	 0.171914	 0.151448	 0.861603	 0.185673	 0.683323	 22.085384	
39	|	 0.219807	 0.170261	 0.145194	 0.855903	 0.187537	 0.678771	 22.148756	
40	|	 0.221262	 0.168751	 0.139478	 0.850693	 0.189241	 0.674611	 22.206673	
41	|	 0.222592	 0.167371	 0.134253	 0.845931	 0.190798	 0.670808	 22.259604	
42	|	 0.223808	 0.166111	 0.129477	 0.841579	 0.192223	 0.667334	 22.307976	
43	|	 0.224920	 0.164959	 0.125111	 0.837601	 0.193525	 0.664158	 22.352184	
44	|	 0.225937	 0.163907	 0.121122	 0.833965	 0.194715	 0.661256	 22.392588	
45	|	 0.226866	 0.162946	 0.117475	 0.830641	 0.195803	 0.658604	 22.429512	
46	|	 0.227715	 0.162068	 0.114143	 0.827604	 0.196797	 0.656180	 22.463257	
47	|	 0.228491	 0.161265	 0.111097	 0.824828	 0.197706	 0.653965	 22.494097	
48	|	 0.229201	 0.160532	 0.108313	 0.822291	 0.198537	 0.651941	 22.522282	
49	|	 0.229849	 0.159862	 0.105769	 0.819972	 0.199296	 0.650091	 22.548040	
50	|	 0.230442	 0.159249	 0.103444	 0.817853	 0.199990	 0.648400	 22.571581	
51	|	 0.230984	 0.158690	 0.101319	 0.815916	 0.200624	 0.646855	 22.593096	
52	|	 0.231479	 0.158178	 0.099377	 0.814146	 0.201204	 0.645442	 22.612759	
53	|	 0.231931	 0.157711	 0.097602	 0.812528	 0.201734	 0.644152	 22.630728	
54	|	 0.232345	 0.157283	 0.095979	 0.811050	 0.202218	 0.642972	 22.647150	
55	|	 0.232723	 0.156893	 0.094497	 0.809699	 0.202660	 0.641894	 22.662159	
56	|	 0.233068	 0.156536	 0.093142	 0.808464	 0.203065	 0.640909	 22.675875	
57	|	 0.233384	 0.156210	 0.091904	 0.807335	 0.203434	 0.640009	 22.688410	
58	|	 0.233673	 0.155912	 0.090772	 0.806304	 0.203772	 0.639186	 22.699865	
59	|	 0.233936	 0.155640	 0.089738	 0.805361	 0.204081	 0.638434	 22.710335	
60	|	 0.234177	 0.155391	 0.088793	 0.804500	 0.204363	 0.637747	 22.719904	
61	|	 0.234398	 0.155164	 0.087929	 0.803713	 0.204621	 0.637119	 22.728649	
62	|	 0.234599	 0.154956	 0.087140	 0.802993	 0.204857	 0.636545	 22.736641	
63	|	 0.234783	 0.154766	 0.086418	 0.802336	 0.205072	 0.636020	 22.743944	
64	|	 0.234951	 0.154592	 0.085759	 0.801735	 0.205269	 0.635541	 22.750620	
65	|	 0.235105	 0.154434	 0.085156	 0.801186	 0.205449	 0.635103	 22.756720	
66	|	 0.235245	 0.154289	 0.084605	 0.800684	 0.205613	 0.634702	 22.762295	
67	|	 0.235373	 0.154156	 0.084102	 0.800225	 0.205763	 0.634336	 22.767389	
68	|	 0.235491	 0.154035	 0.083642	 0.799806	 0.205901	 0.634002	 22.772045	
69	|	 0.235598	 0.153925	 0.083222	 0.799423	 0.206026	 0.633696	 22.776300	
70	|	 0.235696	 0.153823	 0.082838	 0.799072	 0.206141	 0.633417	 22.780190	
71	|	 0.235785	 0.153731	 0.082487	 0.798752	 0.206246	 0.633161	 22.783745	
72	|	 0.235867	 0.153646	 0.082166	 0.798460	 0.206341	 0.632928	 22.786993	
73	|	 0.235942	 0.153569	 0.081872	 0.798193	 0.206429	 0.632715	 22.789963	
74	|	 0.236010	 0.153499	 0.081604	 0.797948	 0.206509	 0.632520	 22.792675	
75	|	 0.236073	 0.153434	 0.081359	 0.797725	 0.206582	 0.632342	 22.795155	
76	|	 0.236130	 0.153375	 0.081136	 0.797521	 0.206649	 0.632179	 22.797421	
77	|	 0.236182	 0.153321	 0.080931	 0.797335	 0.206710	 0.632030	 22.799492	
78	|	 0.236230	 0.153272	 0.080744	 0.797164	 0.206766	 0.631895	 22.801384	
79	|	 0.236273	 0.153227	 0.080573	 0.797009	 0.206817	 0.631770	 22.803114	
80	|	 0.236313	 0.153186	 0.080417	 0.796866	 0.206863	 0.631657	 22.804695	
81	|	 0.236349	 0.153149	 0.080274	 0.796736	 0.206906	 0.631553	 22.806141	
82	|	 0.236383	 0.153114	 0.080144	 0.796617	 0.206945	 0.631458	 22.807461	
83	|	 0.236413	 0.153083	 0.080025	 0.796509	 0.206980	 0.631371	 22.808668	
84	|	 0.236441	 0.153054	 0.079916	 0.796409	 0.207013	 0.631292	 22.809771	
85	|	 0.236466	 0.153028	 0.079816	 0.796319	 0.207043	 0.631220	 22.810778	
86	|	 0.236490	 0.153004	 0.079725	 0.796236	 0.207070	 0.631154	 22.811699	
87	|	 0.236511	 0.152982	 0.079642	 0.796160	 0.207095	 0.631093	 22.812540	
88	|	 0.236530	 0.152962	 0.079566	 0.796091	 0.207117	 0.631038	 22.813309	
89	|	 0.236548	 0.152944	 0.079497	 0.796027	 0.207138	 0.630988	 22.814013	
90	|	 0.236564	 0.152927	 0.079433	 0.795970	 0.207157	 0.630941	 22.814655	
91	|	 0.236579	 0.152912	 0.079375	 0.795917	 0.207174	 0.630899	 22.815243	
92	|	 0.236592	 0.152898	 0.079322	 0.795868	 0.207190	 0.630861	 22.815779	
93	|	 0.236605	 0.152885	 0.079274	 0.795824	 0.207205	 0.630825	 22.816269	
94	|	 0.236616	 0.152873	 0.079229	 0.795784	 0.207218	 0.630793	 22.816717	
95	|	 0.236626	 0.152863	 0.079189	 0.795747	 0.207230	 0.630764	 22.817127	
96	|	 0.236636	 0.152853	 0.079152	 0.795713	 0.207241	 0.630737	 22.817501	
97	|	 0.236644	 0.152844	 0.079118	 0.795682	 0.207251	 0.630712	 22.817842	
98	|	 0.236652	 0.152836	 0.079087	 0.795654	 0.207260	 0.630690	 22.818155	
99	|	 0.236659	 0.152829	 0.079059	 0.795629	 0.207269	 0.630669	 22.818441	
100	|	 0.236666	 0.152822	 0.079033	 0.795605	 0.207276	 0.630651	 22.818703	
101	|	 0.236672	 0.152816	 0.079010	 0.795584	 0.207283	 0.630634	 22.818941	
102	|	 0.236677	 0.152810	 0.078988	 0.795564	 0.207290	 0.630618	 22.819159	
103	|	 0.236682	 0.152805	 0.078968	 0.795546	 0.207296	 0.630604	 22.819359	
104	|	 0.236687	 0.152800	 0.078950	 0.795530	 0.207301	 0.630590	 22.819542	
105	|	 0.236691	 0.152796	 0.078934	 0.795515	 0.207306	 0.630578	 22.819708	
106	|	 0.236695	 0.152792	 0.078919	 0.795501	 0.207310	 0.630568	 22.819860	
107	|	 0.236699	 0.152788	 0.078905	 0.795488	 0.207315	 0.630558	 22.820000	
108	|	 0.236702	 0.152785	 0.078893	 0.795477	 0.207318	 0.630548	 22.820127	
109	|	 0.236705	 0.152782	 0.078881	 0.795466	 0.207322	 0.630540	 22.820244	
110	|	 0.236707	 0.152779	 0.078871	 0.795457	 0.207325	 0.630532	 22.820351	
111	|	 0.236710	 0.152776	 0.078861	 0.795448	 0.207328	 0.630525	 22.820448	
112	|	 0.236712	 0.152774	 0.078852	 0.795440	 0.207330	 0.630519	 22.820536	
113	|	 0.236714	 0.152772	 0.078844	 0.795433	 0.207333	 0.630513	 22.820618	
114	|	 0.236716	 0.152770	 0.078837	 0.795426	 0.207335	 0.630508	 22.820692	
